across: 47.25	
acute: 44.92857142857143	
air: 41.27272727272727	
altered: 60.642857142857146	
andreas: 48.333333333333336	
andrew: 55.666666666666664	
appropriations: 43.4	
awesome: 48.53333333333333	
balloon: 47.6	
bolivia: 51.5	
brazilian: 38.27272727272727	
burning: 54.666666666666664	
byte: 49.2	
chicago: 55.6875	
classes: 52.416666666666664	
clinics: 47.72727272727273	
compromise: 59.285714285714285	
councils: 58.111111111111114	
deadline: 47.45454545454545	
di: 38.666666666666664	
diamond: 55.857142857142854	
disclosure: 46.90909090909091	
driving: 55.55555555555556	
embassy: 51.357142857142854	
enclosed: 36.8	
eng: 43.5	
enhancing: 35.666666666666664	
executed: 45.0	
expertise: 71.5	
fed: 51.857142857142854	
fill: 39.72727272727273	
filled: 55.7	
financing: 56.0	
fisting: 59.714285714285715	
focus: 53.333333333333336	
gathered: 61.84615384615385	
grows: 43.125	
inbox: 40.0	
info: 43.72727272727273	
information: 33.5	
irish: 58.2	
is: 40.86666666666667	
items: 42.3	
judicial: 73.75	
juice: 49.69230769230769	
language: 61.25	
latvia: 52.714285714285715	
leo: 52.166666666666664	
liz: 58.4	
loving: 54.8125	
lu: 41.285714285714285	
maiden: 50.75	
mailman: 66.11111111111111	
manuals: 28.833333333333332	
mark: 47.875	
mating: 70.33333333333333	
memory: 48.833333333333336	
mi: 54.22222222222222	
middle: 30.714285714285715	
mines: 52.1	
mon: 57.2	
muscle: 40.36363636363637	
obvious: 51.81818181818182	
pack: 50.4	
path: 41.714285714285715	
patrol: 36.57142857142857	
peaceful: 60.75	
phases: 49.5	
philadelphia: 52.833333333333336	
photographer: 74.2	
physician: 55.07692307692308	
plants: 59.5	
portfolio: 46.142857142857146	
prediction: 66.44444444444444	
projectors: 42.5	
recording: 35.25	
revelation: 31.714285714285715	
ruby: 45.833333333333336	
satisfactory: 28.846153846153847	
secrets: 47.5	
separation: 56.666666666666664	
skype: 53.75	
sparc: 39.875	
stockings: 50.42857142857143	
stream: 44.18181818181818	
suites: 75.42857142857143	
surfing: 67.6	
tears: 57.57142857142857	
thumbzilla: 48.25	
tray: 56.294117647058826	
tu: 54.375	
twice: 49.90909090909091	
un: 51.666666666666664	
value: 56.375	
visitors: 43.61538461538461	
watch: 46.1	
wicked: 41.4	
woman: 52.0	
wondering: 67.42857142857143	
zone: 46.76923076923077	
